export interface ImageGradientKernel {
    order: number,
    x: number[][],
    y: number[][],
}

export const SOBEL_KERNEL_1: ImageGradientKernel = {
    order: 1,
    x: [
        [-1, 0, 1],
        [-2, 0, 2],
        [-1, 0, 1]
    ],
    y: [
        [-1, -2, -1],
        [0, 0, 0],
        [1, 2, 1]
    ],
}

export const SOBEL_KERNEL_2: ImageGradientKernel = {
    order: 2,
    x: [
        [-1, -2, 0, 2, 1],
        [-2, -3, 0, 3, 2],
        [-3, -5, 0, 5, 3],
        [-2, -3, 0, 3, 2],
        [-1, -2, 0, 2, 1]
    ],
    y: [
        [-1, -2, -3, -2, -1],
        [-2, -3, -5, -3, -2],
        [0, 0, 0, 0, 0],
        [2, 3, 5, 3, 2],
        [1, 2, 3, 2, 1]
    ],
}

export const SOBEL_KERNEL_3: ImageGradientKernel = {
    order: 3,
    x: [
        [-1, -2, -3, 0, 3, 2, 1],
        [-2, -3, -5, 0, 5, 3, 2],
        [-3, -5, -7, 0, 7, 5, 3],
        [-4, -6, -8, 0, 8, 6, 4],
        [-3, -5, -7, 0, 7, 5, 3],
        [-2, -3, -5, 0, 5, 3, 2],
        [-1, -2, -3, 0, 3, 2, 1]
    ],
    y: [
        [-1, -2, -3, -4, -3, -2, -1],
        [-2, -3, -5, -6, -5, -3, -2],
        [-3, -5, -7, -8, -7, -5, -3],
        [0, 0, 0, 0, 0, 0, 0],
        [3, 5, 7, 8, 7, 5, 3],
        [2, 3, 5, 6, 5, 3, 2],
        [1, 2, 3, 4, 3, 2, 1]
    ],
}

export const SOBEL_KERNEL_4: ImageGradientKernel = {
    order: 4,
    x: [
        [-1, -2, -3, -4, 0, 4, 3, 2, 1],
        [-2, -3, -5, -6, 0, 6, 5, 3, 2],
        [-3, -5, -7, -8, 0, 8, 7, 5, 3],
        [-4, -6, -8, -9, 0, 9, 8, 6, 4],
        [-5, -7, -9, -10, 0, 10, 9, 7, 5],
        [-4, -6, -8, -9, 0, 9, 8, 6, 4],
        [-3, -5, -7, -8, 0, 8, 7, 5, 3],
        [-2, -3, -5, -6, 0, 6, 5, 3, 2],
        [-1, -2, -3, -4, 0, 4, 3, 2, 1]
    ],
    y: [
        [-1, -2, -3, -4, -5, -4, -3, -2, -1],
        [-2, -3, -5, -6, -7, -6, -5, -3, -2],
        [-3, -5, -7, -8, -9, -8, -7, -5, -3],
        [-4, -6, -8, -9, -10, -9, -8, -6, -4],
        [0, 0, 0, 0, 0, 0, 0, 0, 0],
        [4, 6, 8, 9, 10, 9, 8, 6, 4],
        [3, 5, 7, 8, 9, 8, 7, 5, 3],
        [2, 3, 5, 6, 7, 6, 5, 3, 2],
        [1, 2, 3, 4, 5, 4, 3, 2, 1]
    ],
}

export const SOBEL_KERNEL_5: ImageGradientKernel = {
    order: 5,
    x: [
        [-1, -3, -4, -5, -6, 0, 6, 5, 4, 3, 1],
        [-3, -5, -7, -8, -9, 0, 9, 8, 7, 5, 3],
        [-4, -7, -9, -11, -12, 0, 12, 11, 9, 7, 4],
        [-5, -8, -11, -13, -14, 0, 14, 13, 11, 8, 5],
        [-6, -9, -12, -14, -15, 0, 15, 14, 12, 9, 6],
        [-7, -10, -13, -15, -16, 0, 16, 15, 13, 10, 7],
        [-6, -9, -12, -14, -15, 0, 15, 14, 12, 9, 6],
        [-5, -8, -11, -13, -14, 0, 14, 13, 11, 8, 5],
        [-4, -7, -9, -11, -12, 0, 12, 11, 9, 7, 4],
        [-3, -5, -7, -8, -9, 0, 9, 8, 7, 5, 3],
        [-1, -3, -4, -5, -6, 0, 6, 5, 4, 3, 1]
    ],
    y: [
        [-1, -3, -4, -5, -6, -7, -6, -5, -4, -3, -1],
        [-3, -5, -7, -8, -9, -10, -9, -8, -7, -5, -3],
        [-4, -7, -9, -11, -12, -13, -12, -11, -9, -7, -4],
        [-5, -8, -11, -13, -14, -15, -14, -13, -11, -8, -5],
        [-6, -9, -12, -14, -15, -16, -15, -14, -12, -9, -6],
        [0, 0, 0, 0, 0, 0, 0, 0, 0, 0, 0],
        [6, 9, 12, 14, 15, 16, 15, 14, 12, 9, 6],
        [5, 8, 11, 13, 14, 15, 14, 13, 11, 8, 5],
        [4, 7, 9, 11, 12, 13, 12, 11, 9, 7, 4],
        [3, 5, 7, 8, 9, 10, 9, 8, 7, 5, 3],
        [1, 3, 4, 5, 6, 7, 6, 5, 4, 3, 1]
    ],
}

export const SOBEL_KERNEL_6: ImageGradientKernel = {
    order: 6,
    x: [
        [-1, -3, -4, -6, -7, -8, 0, 8, 7, 6, 4, 3, 1],
        [-3, -5, -7, -9, -10, -11, 0, 11, 10, 9, 7, 5, 3],
        [-4, -7, -9, -11, -13, -14, 0, 14, 13, 11, 9, 7, 4],
        [-6, -9, -11, -14, -16, -17, 0, 17, 16, 14, 11, 9, 6],
        [-7, -10, -13, -16, -18, -19, 0, 19, 18, 16, 13, 10, 7],
        [-8, -11, -14, -17, -19, -20, 0, 20, 19, 17, 14, 11, 8],
        [-9, -12, -15, -18, -20, -21, 0, 21, 20, 18, 15, 12, 9],
        [-8, -11, -14, -17, -19, -20, 0, 20, 19, 17, 14, 11, 8],
        [-7, -10, -13, -16, -18, -19, 0, 19, 18, 16, 13, 10, 7],
        [-6, -9, -11, -14, -16, -17, 0, 17, 16, 14, 11, 9, 6],
        [-4, -7, -9, -11, -13, -14, 0, 14, 13, 11, 9, 7, 4],
        [-3, -5, -7, -9, -10, -11, 0, 11, 10, 9, 7, 5, 3],
        [-1, -3, -4, -6, -7, -8, 0, 8, 7, 6, 4, 3, 1]
    ],
    y: [
        [-1, -3, -4, -6, -7, -8, -9, -8, -7, -6, -4, -3, -1],
        [-3, -5, -7, -9, -10, -11, -12, -11, -10, -9, -7, -5, -3],
        [-4, -7, -9, -11, -13, -14, -15, -14, -13, -11, -9, -7, -4],
        [-6, -9, -11, -14, -16, -17, -18, -17, -16, -14, -11, -9, -6],
        [-7, -10, -13, -16, -18, -19, -20, -19, -18, -16, -13, -10, -7],
        [-8, -11, -14, -17, -19, -20, -21, -20, -19, -17, -14, -11, -8],
        [0, 0, 0, 0, 0, 0, 0, 0, 0, 0, 0, 0, 0],
        [8, 11, 14, 17, 19, 20, 21, 20, 19, 17, 14, 11, 8],
        [7, 10, 13, 16, 18, 19, 20, 19, 18, 16, 13, 10, 7],
        [6, 9, 11, 14, 16, 17, 18, 17, 16, 14, 11, 9, 6],
        [4, 7, 9, 11, 13, 14, 15, 14, 13, 11, 9, 7, 4],
        [3, 5, 7, 9, 10, 11, 12, 11, 10, 9, 7, 5, 3],
        [1, 3, 4, 6, 7, 8, 9, 8, 7, 6, 4, 3, 1]
    ],
}

export const SCHARR_KERNEL_1: ImageGradientKernel = {
    order: 1,
    x: [
        [-3, 0, 3],
        [-10, 0, 10],
        [-3, 0, 3]
    ],
    y: [
        [-3, -10, -3],
        [0, 0, 0],
        [3, 10, 3]
    ],
}